0 0.5096153846153846 0.1875 0.10096153846153846 0.125
0 0.5600961538461539 0.25 0.11778846153846154 0.11538461538461539
0 0.34615384615384615 0.27884615384615385 0.125 0.14182692307692307
0 0.6418269230769231 0.30528846153846156 0.10576923076923077 0.10336538461538461
0 0.5120192307692307 0.33413461538461536 0.14182692307692307 0.11538461538461539
0 0.6682692307692307 0.3581730769230769 0.12740384615384615 0.08653846153846154
0 0.4879807692307692 0.4254807692307692 0.10817307692307693 0.125
0 0.3870192307692308 0.44711538461538464 0.11538461538461539 0.12740384615384615
0 0.5793269230769231 0.4519230769230769 0.09375 0.1201923076923077
0 0.27884615384615385 0.49278846153846156 0.125 0.14182692307692307
0 0.49278846153846156 0.5528846153846154 0.0625 0.09615384615384616
0 0.5625 0.5889423076923077 0.13221153846153846 0.14182692307692307
0 0.6682692307692307 0.6225961538461539 0.11298076923076923 0.16826923076923078
0 0.7331730769230769 0.6754807692307693 0.10336538461538461 0.17067307692307693
0 0.44471153846153844 0.7572115384615384 0.12980769230769232 0.14903846153846154
0 0.3918269230769231 0.12740384615384615 0.11057692307692307 0.125