0 0.6538461538461539 0.23076923076923078 0.12259615384615384 0.11057692307692307
0 0.34615384615384615 0.28846153846153844 0.1201923076923077 0.12740384615384615
0 0.6201923076923077 0.31490384615384615 0.13221153846153846 0.10336538461538461
0 0.5240384615384616 0.3942307692307692 0.11298076923076923 0.13221153846153846
0 0.5841346153846154 0.5072115384615384 0.08653846153846154 0.0889423076923077
0 0.5 0.5600961538461539 0.12259615384615384 0.11057692307692307
0 0.41586538461538464 0.5745192307692307 0.11538461538461539 0.1201923076923077
0 0.7019230769230769 0.5769230769230769 0.10576923076923077 0.0673076923076923
0 0.3004807692307692 0.5769230769230769 0.12259615384615384 0.1201923076923077
0 0.6923076923076923 0.6274038461538461 0.07932692307692307 0.08413461538461539
0 0.5673076923076923 0.6418269230769231 0.0985576923076923 0.10576923076923077
0 0.6538461538461539 0.7139423076923077 0.12980769230769232 0.11538461538461539
0 0.42788461538461536 0.75 0.12740384615384615 0.1346153846153846
0 0.6298076923076923 0.7764423076923077 0.1201923076923077 0.10096153846153846
0 0.5336538461538461 0.8605769230769231 0.11298076923076923 0.08653846153846154