0 0.49038461538461536 0.22596153846153846 0.14182692307692307 0.11538461538461539
0 0.6802884615384616 0.25240384615384615 0.11057692307692307 0.0889423076923077
0 0.6947115384615384 0.32211538461538464 0.125 0.11057692307692307
0 0.6057692307692307 0.3701923076923077 0.09615384615384616 0.1201923076923077
0 0.32211538461538464 0.375 0.11298076923076923 0.125
0 0.4375 0.40384615384615385 0.1201923076923077 0.11057692307692307
0 0.71875 0.4230769230769231 0.08413461538461539 0.08173076923076923
0 0.5264423076923077 0.43509615384615385 0.11057692307692307 0.11057692307692307
0 0.7139423076923077 0.47115384615384615 0.09134615384615384 0.08653846153846154
0 0.5889423076923077 0.5048076923076923 0.0985576923076923 0.10336538461538461
0 0.46634615384615385 0.5384615384615384 0.09375 0.08173076923076923
0 0.5120192307692307 0.6033653846153846 0.14182692307692307 0.11538461538461539
0 0.29086538461538464 0.6682692307692307 0.125 0.13221153846153846
0 0.5769230769230769 0.7043269230769231 0.12980769230769232 0.125
0 0.59375 0.7932692307692307 0.11298076923076923 0.11298076923076923
0 0.6225961538461539 0.12740384615384615 0.11538461538461539 0.10336538461538461