0 0.5841346153846154 0.25 0.12980769230769232 0.13942307692307693
0 0.2764423076923077 0.2956730769230769 0.12259615384615384 0.12259615384615384
0 0.33413461538461536 0.3581730769230769 0.1346153846153846 0.1201923076923077
0 0.4375 0.39903846153846156 0.12980769230769232 0.13701923076923078
0 0.41346153846153844 0.5264423076923077 0.11538461538461539 0.0985576923076923
0 0.49759615384615385 0.5697115384615384 0.1346153846153846 0.12740384615384615
0 0.6057692307692307 0.5528846153846154 0.1201923076923077 0.14182692307692307
0 0.7115384615384616 0.5168269230769231 0.13942307692307693 0.13701923076923078
0 0.6346153846153846 0.7211538461538461 0.12980769230769232 0.14903846153846154
0 0.47596153846153844 0.6586538461538461 0.11057692307692307 0.13701923076923078
0 0.34134615384615385 0.6778846153846154 0.09134615384615384 0.09134615384615384
0 0.40625 0.7403846153846154 0.13221153846153846 0.125
0 0.46153846153846156 0.7980769230769231 0.1346153846153846 0.10576923076923077
0 0.5673076923076923 0.8774038461538461 0.1346153846153846 0.13942307692307693