0 0.4951923076923077 0.23317307692307693 0.1466346153846154 0.12980769230769232
0 0.30528846153846156 0.2620192307692308 0.11538461538461539 0.09134615384615384
0 0.27884615384615385 0.3389423076923077 0.125 0.1201923076923077
0 0.6706730769230769 0.3605769230769231 0.11538461538461539 0.125
0 0.3942307692307692 0.375 0.11538461538461539 0.13701923076923078
0 0.5552884615384616 0.39663461538461536 0.12259615384615384 0.14182692307692307
0 0.2644230769230769 0.4254807692307692 0.11057692307692307 0.08653846153846154
0 0.4639423076923077 0.43990384615384615 0.1201923076923077 0.125
0 0.2860576923076923 0.4831730769230769 0.0889423076923077 0.08413461538461539
0 0.40865384615384615 0.5096153846153846 0.10576923076923077 0.1201923076923077
0 0.5048076923076923 0.6033653846153846 0.13221153846153846 0.13221153846153846
0 0.7115384615384616 0.65625 0.14182692307692307 0.15625
0 0.44711538461538464 0.7043269230769231 0.11778846153846154 0.1201923076923077
0 0.4230769230769231 0.7860576923076923 0.10576923076923077 0.11057692307692307
0 0.3485576923076923 0.14182692307692307 0.12980769230769232 0.12980769230769232