0 0.4182692307692308 0.25 0.1346153846153846 0.11538461538461539
0 0.7259615384615384 0.2860576923076923 0.1466346153846154 0.11057692307692307
0 0.6658653846153846 0.3557692307692308 0.14903846153846154 0.12259615384615384
0 0.5552884615384616 0.40384615384615385 0.14182692307692307 0.125
0 0.49278846153846156 0.44471153846153844 0.06971153846153846 0.09134615384615384
0 0.28846153846153844 0.5240384615384616 0.125 0.125
0 0.5913461538461539 0.5336538461538461 0.07932692307692307 0.09615384615384616
0 0.3894230769230769 0.5552884615384616 0.10576923076923077 0.13701923076923078
0 0.49278846153846156 0.5649038461538461 0.10576923076923077 0.11057692307692307
0 0.6682692307692307 0.6298076923076923 0.08653846153846154 0.08653846153846154
0 0.5216346153846154 0.6586538461538461 0.11538461538461539 0.12259615384615384
0 0.65625 0.6802884615384616 0.11538461538461539 0.07211538461538461
0 0.3629807692307692 0.7235576923076923 0.1346153846153846 0.11538461538461539
0 0.5817307692307693 0.75 0.1466346153846154 0.11538461538461539
0 0.53125 0.8004807692307693 0.10096153846153846 0.09615384615384616
0 0.4206730769230769 0.875 0.11057692307692307 0.125