0 0.47115384615384615 0.23317307692307693 0.1346153846153846 0.13942307692307693
0 0.5697115384615384 0.42788461538461536 0.14182692307692307 0.15384615384615385
0 0.6875 0.4110576923076923 0.15144230769230768 0.16105769230769232
0 0.7644230769230769 0.3557692307692308 0.125 0.15625
0 0.5745192307692307 0.5576923076923077 0.1201923076923077 0.12259615384615384
0 0.4831730769230769 0.5625 0.15144230769230768 0.13221153846153846
0 0.3894230769230769 0.53125 0.1466346153846154 0.17307692307692307
0 0.28846153846153844 0.46634615384615385 0.13221153846153846 0.13942307692307693
0 0.3076923076923077 0.6778846153846154 0.16105769230769232 0.14423076923076922
0 0.4831730769230769 0.6514423076923077 0.13942307692307693 0.11538461538461539
0 0.33413461538461536 0.8485576923076923 0.125 0.14182692307692307
0 0.45913461538461536 0.8004807692307693 0.11778846153846154 0.11538461538461539
0 0.5168269230769231 0.7524038461538461 0.12980769230769232 0.1346153846153846
0 0.5961538461538461 0.7067307692307693 0.09375 0.10576923076923077