0 0.2932692307692308 0.3269230769230769 0.1346153846153846 0.15625
0 0.6033653846153846 0.21875 0.15144230769230768 0.1201923076923077
0 0.5769230769230769 0.2980769230769231 0.1466346153846154 0.125
0 0.5024038461538461 0.38461538461538464 0.15384615384615385 0.14182692307692307
0 0.31490384615384615 0.6274038461538461 0.1346153846153846 0.15144230769230768
0 0.4206730769230769 0.5889423076923077 0.13221153846153846 0.15625
0 0.5192307692307693 0.5504807692307693 0.1346153846153846 0.15625
0 0.5889423076923077 0.6225961538461539 0.1201923076923077 0.15384615384615385
0 0.6850961538461539 0.6682692307692307 0.13942307692307693 0.13942307692307693
0 0.59375 0.49278846153846156 0.12259615384615384 0.11298076923076923
0 0.7139423076923077 0.5817307692307693 0.10576923076923077 0.10336538461538461
0 0.6682692307692307 0.7524038461538461 0.15144230769230768 0.12980769230769232
0 0.6490384615384616 0.8774038461538461 0.21153846153846154 0.13942307692307693
0 0.5048076923076923 0.7716346153846154 0.22355769230769232 0.13942307692307693