0 0.4735576923076923 0.23798076923076922 0.125 0.12980769230769232
0 0.6682692307692307 0.2932692307692308 0.15625 0.12980769230769232
0 0.6177884615384616 0.46634615384615385 0.10576923076923077 0.1201923076923077
0 0.7115384615384616 0.5192307692307693 0.1346153846153846 0.13701923076923078
0 0.5528846153846154 0.7596153846153846 0.17548076923076922 0.17067307692307693
0 0.43028846153846156 0.5841346153846154 0.15144230769230768 0.16346153846153846
0 0.3173076923076923 0.59375 0.15384615384615385 0.12980769230769232
0 0.2548076923076923 0.6658653846153846 0.15625 0.14182692307692307
0 0.43028846153846156 0.44711538461538464 0.12259615384615384 0.10096153846153846
0 0.5216346153846154 0.43509615384615385 0.14182692307692307 0.14182692307692307
0 0.3942307692307692 0.2956730769230769 0.125 0.09615384615384616
0 0.5240384615384616 0.18990384615384615 0.1346153846153846 0.11298076923076923
0 0.6466346153846154 0.14423076923076922 0.11778846153846154 0.15144230769230768