0 0.5793269230769231 0.20192307692307693 0.11538461538461539 0.09134615384615384
0 0.3918269230769231 0.24278846153846154 0.125 0.13701923076923078
0 0.6225961538461539 0.2692307692307692 0.1201923076923077 0.1201923076923077
0 0.5408653846153846 0.3389423076923077 0.10576923076923077 0.11057692307692307
0 0.6754807692307693 0.34375 0.08413461538461539 0.08173076923076923
0 0.6802884615384616 0.39663461538461536 0.10336538461538461 0.0673076923076923
0 0.39903846153846156 0.42788461538461536 0.1201923076923077 0.11298076923076923
0 0.5024038461538461 0.43028846153846156 0.10096153846153846 0.10096153846153846
0 0.28365384615384615 0.44711538461538464 0.10576923076923077 0.10576923076923077
0 0.5865384615384616 0.47596153846153844 0.08173076923076923 0.09134615384615384
0 0.4807692307692308 0.5576923076923077 0.06490384615384616 0.08173076923076923
0 0.5360576923076923 0.5985576923076923 0.11778846153846154 0.11538461538461539
0 0.6394230769230769 0.6610576923076923 0.125 0.1346153846153846
0 0.6850961538461539 0.7331730769230769 0.10336538461538461 0.11057692307692307
0 0.38461538461538464 0.7355769230769231 0.14182692307692307 0.12259615384615384
0 0.49038461538461536 0.12980769230769232 0.11538461538461539 0.10817307692307693