0 0.3894230769230769 0.21153846153846154 0.12259615384615384 0.09134615384615384
0 0.41586538461538464 0.30528846153846156 0.11298076923076923 0.0889423076923077
0 0.6850961538461539 0.31009615384615385 0.10576923076923077 0.12980769230769232
0 0.49038461538461536 0.3942307692307692 0.12259615384615384 0.12980769230769232
0 0.5288461538461539 0.4495192307692308 0.08173076923076923 0.0673076923076923
0 0.40865384615384615 0.5 0.09375 0.11538461538461539
0 0.28365384615384615 0.5408653846153846 0.08173076923076923 0.07932692307692307
0 0.4735576923076923 0.5576923076923077 0.10096153846153846 0.12980769230769232
0 0.2860576923076923 0.5865384615384616 0.08413461538461539 0.07211538461538461
0 0.5769230769230769 0.59375 0.0985576923076923 0.1466346153846154
0 0.6850961538461539 0.6225961538461539 0.11778846153846154 0.15144230769230768
0 0.39663461538461536 0.6322115384615384 0.125 0.11538461538461539
0 0.31490384615384615 0.6899038461538461 0.11778846153846154 0.125
0 0.3317307692307692 0.7596153846153846 0.11538461538461539 0.08413461538461539
0 0.5168269230769231 0.7620192307692307 0.1346153846153846 0.12980769230769232
0 0.3894230769230769 0.8798076923076923 0.10096153846153846 0.1201923076923077