0 0.4831730769230769 0.23798076923076922 0.13942307692307693 0.15144230769230768
0 0.6826923076923077 0.25240384615384615 0.0985576923076923 0.11778846153846154
0 0.6995192307692307 0.31971153846153844 0.13221153846153846 0.1346153846153846
0 0.6009615384615384 0.3605769230769231 0.11778846153846154 0.11538461538461539
0 0.3125 0.38221153846153844 0.1201923076923077 0.13942307692307693
0 0.4254807692307692 0.4014423076923077 0.11057692307692307 0.1466346153846154
0 0.7211538461538461 0.4182692307692308 0.10096153846153846 0.09134615384615384
0 0.5216346153846154 0.43028846153846156 0.13942307692307693 0.12259615384615384
0 0.7067307692307693 0.46153846153846156 0.11538461538461539 0.0889423076923077
0 0.59375 0.4951923076923077 0.1201923076923077 0.10817307692307693
0 0.5048076923076923 0.6081730769230769 0.12980769230769232 0.13942307692307693
0 0.2980769230769231 0.6754807692307693 0.14182692307692307 0.13942307692307693
0 0.5721153846153846 0.6947115384615384 0.12980769230769232 0.11538461538461539
0 0.5961538461538461 0.78125 0.125 0.10096153846153846
0 0.6201923076923077 0.12980769230769232 0.14423076923076922 0.125