0 0.40384615384615385 0.20432692307692307 0.11538461538461539 0.09615384615384616
0 0.5913461538461539 0.24278846153846154 0.1346153846153846 0.14903846153846154
0 0.36778846153846156 0.2644230769230769 0.1346153846153846 0.10576923076923077
0 0.31490384615384615 0.34134615384615385 0.09134615384615384 0.10096153846153846
0 0.43990384615384615 0.34375 0.12259615384615384 0.125
0 0.3076923076923077 0.40384615384615385 0.13221153846153846 0.08653846153846154
0 0.5985576923076923 0.43028846153846156 0.10817307692307693 0.17548076923076922
0 0.49038461538461536 0.4423076923076923 0.12980769230769232 0.1466346153846154
0 0.7139423076923077 0.4423076923076923 0.11778846153846154 0.18028846153846154
0 0.40865384615384615 0.46875 0.09134615384615384 0.13942307692307693
0 0.5120192307692307 0.5576923076923077 0.08653846153846154 0.0889423076923077
0 0.4543269230769231 0.5913461538461539 0.15865384615384615 0.12980769230769232
0 0.36538461538461536 0.6634615384615384 0.125 0.12980769230769232
0 0.6322115384615384 0.7355769230769231 0.12980769230769232 0.14182692307692307
0 0.31490384615384615 0.7427884615384616 0.12259615384615384 0.125
0 0.5072115384615384 0.1201923076923077 0.13942307692307693 0.09375