0 0.5072115384615384 0.23076923076923078 0.13221153846153846 0.11057692307692307
0 0.6995192307692307 0.25961538461538464 0.10336538461538461 0.08173076923076923
0 0.7043269230769231 0.3389423076923077 0.11538461538461539 0.11298076923076923
0 0.3293269230769231 0.3581730769230769 0.11057692307692307 0.10576923076923077
0 0.6105769230769231 0.37740384615384615 0.11298076923076923 0.11057692307692307
0 0.4375 0.3918269230769231 0.11057692307692307 0.12740384615384615
0 0.5264423076923077 0.43028846153846156 0.09134615384615384 0.11538461538461539
0 0.7211538461538461 0.4375 0.09134615384615384 0.07692307692307693
0 0.7091346153846154 0.4831730769230769 0.09134615384615384 0.0889423076923077
0 0.5913461538461539 0.5144230769230769 0.10576923076923077 0.09134615384615384
0 0.46875 0.5408653846153846 0.10576923076923077 0.07451923076923077
0 0.4951923076923077 0.6033653846153846 0.1346153846153846 0.12259615384615384
0 0.29086538461538464 0.6658653846153846 0.17307692307692307 0.14182692307692307
0 0.5673076923076923 0.6995192307692307 0.16105769230769232 0.11538461538461539
0 0.5673076923076923 0.7980769230769231 0.14182692307692307 0.09615384615384616
0 0.6466346153846154 0.13701923076923078 0.11538461538461539 0.1201923076923077